0 1720 366 -87
1 1906 526 0
2 1715 479 -109
3 1632 1487 -143
4 192 152 -89
5 1718 1647 -78
6 609 1393 -81
7 190 699 -177
8 185 207 -31
9 2350 1242 -1
10 1745 270 -7
11 567 1258 -16
12 422 77 0
13 1820 1403 -54
14 632 964 -140
15 462 602 -45
16 1830 1683 -44
17 2041 535 -175
18 743 1048 -103
19 1802 1555 -164
20 898 1242 -93
21 724 1860 -52
22 855 338 -158
23 1221 976 0
24 1185 868 -173
25 775 612 -94
26 1999 181 -157
27 2238 1887 -21
28 271 598 -166
29 1625 1298 0
30 562 780 -19
31 2211 596 -49
32 2005 457 -118
33 2311 528 -109
34 972 587 -65
35 761 39 -88
36 877 81 -168
37 1905 424 -156
38 2181 1882 -75
39 222 152 0
40 917 816 -5
41 911 996 -144
42 124 753 -94
43 1293 813 -172
44 2209 695 -79
45 2214 253 -87
46 284 1069 -141
47 1293 1076 -120
48 1856 1870 -2
49 1638 1656 -171
50 585 320 -153
51 2107 1199 0
52 1481 1040 -64
53 1782 1035 -144
54 340 463 -118
55 2115 175 -81
56 222 152 0
57 2257 1759 -34
58 681 646 -17
59 203 771 -77
60 748 1717 -140
61 488 457 -158
62 979 555 -76
63 2354 1402 -147
64 2285 686 0
65 1659 158 -174
66 1289 1637 -122
67 257 1148 -155
68 797 777 -106
69 845 1431 -172
70 401 160 0
71 1370 986 -21
72 1460 546 -29
73 163 129 -111
74 745 182 -179
75 2159 895 -147
76 1986 1825 -55
77 726 413 -103
78 1429 1187 0
80 1069 1244 0
81 472 1557 -129
82 704 857 -22
83 287 1360 -19
84 1258 1199 -171
85 1329 1957 -120
86 232 1764 -135
87 63 1548 -61
88 391 1303 -25
89 607 464 -6
90 850 915 -58
91 2347 665 -15
92 2302 297 -146
93 1555 1322 -21
94 422 521 -27
95 710 1083 -86
96 300 361 -106
97 108 1625 -37
98 1871 383 0
99 715 1584 -87
100 1902 258 0
101 410 1592 -25
102 565 1794 -81
103 611 69 -59
104 2160 99 -2
105 1412 861 -178
106 2259 1178 -174
107 1121 1417 0
108 1121 672 -179
109 720 1234 -113
110 975 1275 -13
111 1941 1057 -154
112 335 1681 -76
113 1560 792 -108
114 1723 112 -104
115 221 1554 -55
116 143 1223 -46
117 2025 1519 -166
118 1771 297 -160
119 102 23 0
120 222 152 0
121 1401 1639 -89
122 303 96 -68
124 357 404 -164
125 1560 1925 -104
126 2200 994 -107
127 222 152 0
128 1381 514 -47
129 1422 1848 -73
130 105 1819 -124
131 217 133 -166
132 1211 693 -88
133 1933 1583 -159
134 1337 1082 0
135 164 1657 -54
136 1308 1437 -49
137 227 148 -55
138 2388 1038 -32
139 1515 983 -100
140 1638 1591 -126
141 2222 1024 -13
142 222 152 0
143 1848 243 -50
144 1213 1325 -32
145 1730 1266 -64
146 1358 1029 -36
147 1518 618 -27
148 1648 782 -156
149 1605 1150 0
150 1366 1469 -3
151 222 152 0
152 2378 306 -82
153 266 1349 -112
154 2121 1165 0
155 1182 1654 -83
156 540 1432 -65
158 690 350 -144
159 1098 956 -167
160 508 969 -2
161 1635 1921 -146
162 2203 1390 -159
163 77 400 -165
164 222 152 0
165 1556 1503 -35
166 1903 692 0
167 1318 1575 -22
168 2243 1362 -10
169 222 152 0
170 222 152 0
171 1790 1164 -67
172 450 313 -19
174 428 806 0
175 650 833 -150
176 2285 152 -94
177 222 152 0
178 2045 1406 -42
179 1563 1815 -81
180 2153 1451 -97
181 69 1739 -37
182 1290 246 -27
184 1117 1808 -97
185 2161 1568 -171
186 1147 1937 -105
187 2071 1742 -68
188 1478 1255 -125
189 1709 1819 -24
190 1599 56 -142
191 222 152 0
192 2171 449 -82
193 230 153 -99
194 2208 1699 0
195 2018 1112 -38
196 263 727 -88
197 1528 178 -27
198 1119 18 -80
199 222 152 0
200 235 309 0
201 2294 1046 0
202 287 123 -169
203 1020 517 0
204 2049 1232 -58
205 1544 1245 -163
206 208 116 -54
207 2326 1715 0
208 896 182 -31
209 222 152 0
210 187 141 -107
211 1230 1595 -57
212 2203 912 -26
213 695 234 0
214 1984 82 -166
215 1264 1732 -9
216 1159 643 -24
217 1851 1292 -87
219 659 115 -99
220 1723 599 0
221 222 152 0
222 1404 244 0
223 1553 843 -151
224 1261 1532 -29
225 174 127 -61
226 2025 883 0
227 222 152 0
228 1282 1380 -10
229 153 733 -54
230 290 955 -38
231 640 563 -98
232 1445 1510 -83
234 2130 335 0
235 727 1009 -173
237 1259 515 -155
238 572 633 -132
239 1193 1210 -179
241 222 152 0
242 1212 1506 -34
243 2171 1667 -83
244 1357 1753 -132
245 211 152 -87
246 579 160 -7
247 135 1440 -100
248 1249 1669 -170
249 883 1727 -134
250 2118 1590 -105
251 1845 1343 -97
252 974 62 -161
253 1370 1223 -67
254 228 130 -15
255 326 1262 0
256 2185 512 -178
257 709 1525 -153
258 1984 1726 -140
260 228 101 0
261 99 1341 -156
262 2374 1631 0
263 1455 1766 0
264 366 941 -158
265 663 514 -126
266 2340 1791 -19
268 543 1607 -87
269 2247 453 -121
270 673 1763 0
272 1108 778 0
273 2238 18 -93
274 1312 627 -156
275 2027 985 0
276 1069 295 0
278 222 152 0
281 507 843 -123
282 144 1830 -126
283 2066 29 -91
284 1327 1285 -52
285 2221 405 0
286 222 152 0
287 1025 1007 -80
289 2045 657 0
290 1891 1531 -60
291 2112 289 -100
292 1950 571 0
293 1029 1803 -30
294 1931 939 -14
296 236 39 -127
297 805 1814 -124
298 2358 40 -132
299 1731 64 -103
300 324 1830 -95
301 340 1532 0
302 2117 1316 -119
304 1187 1119 -19
305 393 1706 -44
307 459 1059 -17
309 2078 1060 -171
311 2197 823 -44
312 362 1165 -36
313 172 995 0
314 65 486 -33
315 263 309 -96
316 446 1313 -71
317 2245 352 -143
318 772 542 -8
319 1488 1584 -72
320 487 180 -159
321 1045 1582 -30
322 244 135 -53
323 139 1162 -94
324 791 327 0
325 322 525 -100
326 533 1901 -6
